  -1.0200000e+02
  -1.1400000e+02
  -1.1900000e+02
  -1.3400000e+02
  -1.8000000e+02
  -2.1300000e+02
  -2.2300000e+02
  -1.9700000e+02
  -1.5700000e+02
  -1.0900000e+02
  -6.8000000e+01
  -2.6000000e+01
   3.0000000e+01
   9.2000000e+01
   1.8600000e+02
   2.8300000e+02
   4.0000000e+02
   5.4100000e+02
   6.4800000e+02
   7.2300000e+02
   7.7400000e+02
   7.8500000e+02
   7.4100000e+02
   6.5700000e+02
   5.2100000e+02
   3.5800000e+02
   1.9400000e+02
   7.0000000e+01
  -2.0000000e+00
  -4.3000000e+01
  -8.0000000e+01
  -1.2500000e+02
  -1.6900000e+02
  -1.9300000e+02
  -1.9800000e+02
  -1.9700000e+02
  -1.8100000e+02
  -1.5500000e+02
  -1.3000000e+02
  -1.2200000e+02
  -1.0800000e+02
  -8.2000000e+01
  -5.9000000e+01
